0 98369221212 0
1 98369221212 1
2 32393802587 0
3 32393802587 9
4 55339941341 0
5 55339941341 5
6 55339941341 3
7 55339941341 1
8 32393802587 9
9 32393802587 9
10 32393802587 9
11 98369221212 9
11 32393802587 1
13 98369221212 9
14 98369221212 9
15 55339941341 3
15 98369221212 7
17 55339941341 3
18 98369221212 7
19 98369221212 123.279
20 32393802587 1
21 32393802587 10
22 32393802587 9
23 32393802587 9
24 32393802587 9
25 98369221212 138.279
27 98369221212 138.279
28 32393802587 109
28 98369221212 38.279
